198 205
198 205
199 204
199 203
199 202
199 201
199 200
199 199
199 198
199 197
199 196
199 195
199 194
199 193
199 192
199 191
199 190
199 189
198 188
197 187
196 186
195 185
194 184
193 183
192 182
191 181
190 180
189 179
188 178
187 177
186 176
185 175
184 174
183 173
182 172
181 171
180 170
179 169
178 168
177 167
176 166
175 165
175 164
175 163
175 162
175 161
175 160
175 159
175 158
175 157
175 156
175 155
175 154
175 153
175 152
175 151
175 150
175 149
175 148
175 147
175 146
175 145
175 144
175 143
175 142
175 141
175 140
175 139
175 138
175 137
175 136
175 135
175 134
175 133
175 132
175 131
175 130
175 129
175 128
175 127
175 126
175 125
175 124
175 123
175 122
175 121
175 120
175 119
175 118
175 117
175 116
174 115
173 114
172 113
171 112
170 111
169 110
168 109
167 108
166 107
165 106
164 105
163 104
162 103
161 102
160 101
159 100
158 99
157 98
156 97
155 96
154 95
153 94
152 93
151 92
150 91
149 90
148 89
147 88
146 87
145 86
144 86
143 86
142 86
141 86
140 86
139 85
138 84
137 83
136 82
135 81
134 80
133 79
132 78
131 77
130 76
129 75
128 74
128 73
127 72
126 71
126 70
125 69
125 68
125 67
125 66
125 65
125 64
125 63
125 62
125 61
125 60
125 59
125 58
125 57
125 56
125 55
125 54
125 53
125 52
125 51
125 50
125 49
125 48
125 47
125 46
125 45
125 44
125 43
125 42
125 41
125 40
125 39
125 38
125 37
124 36
123 35
122 34
121 33
120 32
119 31
118 30
117 29
116 28
115 27
114 26
113 25
112 24
111 23
110 22
109 21
108 20
107 19
106 18
105 17
104 16
103 15
102 14
101 13
100 13
99 12
98 12
97 11
96 11
95 11
94 11
93 11
92 11
91 11
90 11
89 11
88 11
87 11
86 11
85 11
84 11
83 12
82 13
81 14
80 15
79 16
78 17
